-- Gui to Lua
-- Version: 3.2

-- Instances:

local ScreenGui = Instance.new("ScreenGui")
local LoginFrame = Instance.new("Frame")
local PASSWORD = Instance.new("TextBox")
local Submit = Instance.new("TextButton")
local LoginTitle = Instance.new("TextLabel")
local GETPASSWORD = Instance.new("TextButton")
local MainFrame = Instance.new("Frame")
local execute = Instance.new("TextButton")
local TextButton = Instance.new("TextButton")

--Properties:

ScreenGui.Parent = game.Players.LocalPlayer:WaitForChild("PlayerGui")
ScreenGui.ZIndexBehavior = Enum.ZIndexBehavior.Sibling

LoginFrame.Name = "LoginFrame"
LoginFrame.Parent = ScreenGui
LoginFrame.BackgroundColor3 = Color3.fromRGB(35, 35, 35)
LoginFrame.Position = UDim2.new(0.392968744, 0, 0.156599551, 0)
LoginFrame.Size = UDim2.new(0, 274, 0, 307)
LoginFrame.Active = true
LoginFrame.Draggable = true

PASSWORD.Name = "PASSWORD"
PASSWORD.Parent = LoginFrame
PASSWORD.BackgroundColor3 = Color3.fromRGB(35, 35, 35)
PASSWORD.Position = UDim2.new(0.135036498, 0, 0.270970583, 0)
PASSWORD.Size = UDim2.new(0, 200, 0, 50)
PASSWORD.Font = Enum.Font.SourceSans
PASSWORD.Text = "PASSWORD"
PASSWORD.TextColor3 = Color3.fromRGB(255, 255, 255)
PASSWORD.TextScaled = true
PASSWORD.TextSize = 14.000
PASSWORD.TextWrapped = true


Submit.Name = "Submit"
Submit.Parent = LoginFrame
Submit.BackgroundColor3 = Color3.fromRGB(70, 70, 70)
Submit.Position = UDim2.new(0.135036498, 0, 0.835151613, 0)
Submit.Size = UDim2.new(0, 200, 0, 50)
Submit.Font = Enum.Font.SourceSans
Submit.Text = "Submit"
Submit.TextColor3 = Color3.fromRGB(0, 0, 0)
Submit.TextScaled = true
Submit.TextSize = 14.000
Submit.TextWrapped = true
Submit.MouseButton1Click:Connect(function()
	if PASSWORD.Text == "PenguinGODGUI" or "WHATALEGENDMATE" or "MANYOUAREAGOD" or "DAMNAREYOUAGODWITHTHATSTRENGTHANDHP" or "AREYOUEVENHUMANORAROBOTBRO" or "hello,iamunderdawadurrrr" or "diuhboehieriofhufbeffbiowifub" or "UWUWUWUWUWUWUWUWUWUWUWUWUWUWUWUWU" or "MrGodIsHereForYou" or "cantwaitforyoutobeagodinthisgamewiththisscript" then
		LoginFrame.Visible = false
		wait(0.5)
		MainFrame.Visible = true
		wait(0.5)
		TextButton.Visible = true
	end
end)

LoginTitle.Name = "Login Title"
LoginTitle.Parent = LoginFrame
LoginTitle.BackgroundColor3 = Color3.fromRGB(35, 35, 35)
LoginTitle.Size = UDim2.new(0, 274, 0, 50)
LoginTitle.Font = Enum.Font.SourceSans
LoginTitle.Text = "Login Screen"
LoginTitle.TextColor3 = Color3.fromRGB(255, 255, 255)
LoginTitle.TextScaled = true
LoginTitle.TextSize = 14.000
LoginTitle.TextWrapped = true

GETPASSWORD.Name = "GET PASSWORD"
GETPASSWORD.Parent = LoginFrame
GETPASSWORD.BackgroundColor3 = Color3.fromRGB(35, 35, 35)
GETPASSWORD.Position = UDim2.new(0.135036498, 0, 0.530944645, 0)
GETPASSWORD.Size = UDim2.new(0, 200, 0, 50)
GETPASSWORD.Font = Enum.Font.SourceSans
GETPASSWORD.Text = "Get Password"
GETPASSWORD.TextColor3 = Color3.fromRGB(255, 255, 255)
GETPASSWORD.TextScaled = true
GETPASSWORD.TextSize = 14.000
GETPASSWORD.TextWrapped = true
GETPASSWORD.MouseButton1Click:Connect(function()
	game.StarterGui:SetCore("SendNotification", {Title = "Copied!", Text = "Link Successfully copied!", Icon = "", Duration = 1})
	wait(0.1)
	setclipboard("https://pastebin.com/24QAt7bW")
end)

MainFrame.Name = "MainFrame"
MainFrame.Parent = ScreenGui
MainFrame.BackgroundColor3 = Color3.fromRGB(38, 38, 38)
MainFrame.Position = UDim2.new(0.364843756, 0, 0.38478747, 0)
MainFrame.Size = UDim2.new(0, 159, 0, 51)
MainFrame.Visible = false

execute.Name = "execute"
execute.Parent = MainFrame
execute.BackgroundColor3 = Color3.fromRGB(38, 38, 38)
execute.Size = UDim2.new(0, 159, 0, 50)
execute.Font = Enum.Font.SourceSans
execute.Text = "Execute Script"
execute.TextColor3 = Color3.fromRGB(255, 255, 255)
execute.TextScaled = true
execute.TextSize = 14.000
execute.TextWrapped = true
execute.MouseButton1Down:connect(function()
	if game.PlaceId == 6206893534 then    
		local Library = loadstring(game:HttpGet("https://raw.githubusercontent.com/xHeptc/Kavo-UI-Library/main/source.lua"))()
		local Window = Library.CreateLib("Penguin Hub(Cobra Kai)", "Sentinel")
		--Globals
		LP = game.Players.LocalPlayer
		local Main = Window:NewTab("Main")
		local MainSection = Main:NewSection("Player")
		MainSection:NewSlider("Walkspeed", "Change your walkspeed", 250, 16, function(v) -- 500 (MaxValue) | 0 (MinValue)
			game.Players.LocalPlayer.Character.Humanoid.WalkSpeed = v
		end)
		MainSection:NewSlider("Jumppower", "Change your jumppower", 250, 50, function(v) -- 500 (MaxValue) | 0 (MinValue)
			game.Players.LocalPlayer.Character.Humanoid.JumpPower = v
		end)  
		MainSection:NewButton("stun", "stun your player", function(v)
			LP.Character.HumanoidRootPart:Destroy()

		end)
		MainSection:NewButton("respawn", "respawn and reset everything u did", function(v)
			LP.Character.Humanoid:Destroy()
		end)
		MainSection:NewButton("Hide Dojo", "Hide player Dojo", function(v)
			LP.Character.Head.PlayerHeader.PlayerDojo:Destroy()
		end)
		MainSection:NewButton("Hide Name", "Hide player name", function(v)
			LP.Character.Head.PlayerHeader.PlayerName:Destroy()
		end)
		MainSection:NewButton("Hide health bar", "Hide player Health Bar", function(v)
			LP.Character.Head.PlayerHeader.Health:Destroy()
		end)
		MainSection:NewButton("Hide Belt", "Hide player Belt", function(v)
			LP.Character.Head.PlayerHeader.Belt:Destroy()
		end)
		MainSection:NewButton("Hide All", "Hide player Info", function(v)
			LP.Character.Head.PlayerHeader:Destroy()
		end)
		local AutoFarm = Window:NewTab("AutoFarm")
		local AutoFarmSection = AutoFarm:NewSection("gamepass")
		AutoFarmSection:NewToggle("Auto Dumbell", "Make your player autodumbell", function(v)
			getgenv().autodumbell = v
			while true do
				if not getgenv().autodumbell then return end
				local A_1 = "Rep"
				local A_2 = 2
				local Event = game:GetService("ReplicatedStorage").Remotes.Dumbell
				Event:FireServer(A_1, A_2)
				wait(1)
			end
		end)    
		AutoFarmSection:NewToggle("Auto Bench", "Make your player autobench", function(v)
			getgenv().autobench = v
			while true do
				if not getgenv().autobench then return end
				local Event = game:GetService("ReplicatedStorage").Remotes.Bench
				Event:FireServer()
				wait()      
			end
		end) 
		AutoFarmSection:NewToggle("Auto Katana", "make your player autokatana", function(v)
			getgenv().autokatana = v
			while true do
				if not getgenv().autokatana then return end
				local A_1 = 2
				local Event = game:GetService("ReplicatedStorage").Katana
				Event:FireServer(A_1)
				wait()
			end
		end)
		AutoFarmSection:NewDropdown("Farm Mod(not working for now)", "Makes the farm op", {"Bench"}, function(v)
			local module = nil
			if game:GetService("Players").LocalPlayer.Backpack:FindFirstChild(v) then
				module = game:GetService("Players").LocalPlayer.Backpack.Dumbell.LocalScript
			elseif game:GetService("Players").LocalPlayer.Character:FindFirstChild(v) then
				module = game:GetService("Players").LocalPlayer.Character[v].Dumbell.LocalScript
			end
		end)
		local AutoFarmSection = AutoFarm:NewSection("bags(i dont recomment to turn on 2 at a same time)")
		AutoFarmSection:NewToggle("red bag(never fall)", "tp you to on top of the bag and never fall", function(v)
			getgenv().autoblackbag = v
			while true do
				if not getgenv().autoblackbag then return end
				game.Players.LocalPlayer.Character.HumanoidRootPart.CFrame = CFrame.new(97.808876, 9.85557461, 75.6152191, 0.0428906791, -8.49579962e-09, 0.999079764, -4.77750959e-08, 1, 1.05546185e-08, -0.999079764, -4.81838285e-08, 0.0428906791)
				wait()
			end
		end)
		AutoFarmSection:NewToggle("red bag 2(never fall)", "tp you to on top of the bag and never fall", function(v)
			getgenv().autoblackbag = v
			while true do
				if not getgenv().autoblackbag then return end
				game.Players.LocalPlayer.Character.HumanoidRootPart.CFrame = CFrame.new(98.0530777, 9.85223961, 71.0164185, 0.013808053, 2.96444362e-08, 0.999904692, -1.18565593e-08, 1, -2.94835303e-08, -0.999904692, -1.14483187e-08, 0.013808053)
				wait()
			end
		end)
		AutoFarmSection:NewToggle("red bag 3(never fall)", "tp you to on top of the bag and never fall", function(v)
			getgenv().autoblackbag = v
			while true do
				if not getgenv().autoblackbag then return end
				game.Players.LocalPlayer.Character.HumanoidRootPart.CFrame = CFrame.new(97.8537292, 9.85480976, 66.1067047, -0.0675907806, -9.69354641e-09, 0.997713149, -2.8562182e-08, 1, 7.7808e-09, -0.997713149, -2.79709536e-08, -0.0675907806)
				wait()
			end
		end)
		AutoFarmSection:NewToggle("black bag 1.0(never fall)", "tp you to on top of the bag and never fall", function(v)
			getgenv().autoblackbag = v
			while true do
				if not getgenv().autoblackbag then return end
				game.Players.LocalPlayer.Character.HumanoidRootPart.CFrame = CFrame.new(64.0134048, 9.83089066, 68.708313, -0.00362722878, 7.91136685e-08, 0.999993443, 2.4022734e-08, 1, -7.90270533e-08, -0.999993443, 2.3735927e-08, -0.00362722878)
				wait()
			end
		end)
		AutoFarmSection:NewToggle("black bag 2.0(never fall)", "tp you to on top of the bag and never fall", function(v)
			getgenv().autoblackbag = v
			while true do
				if not getgenv().autoblackbag then return end
				game.Players.LocalPlayer.Character.HumanoidRootPart.CFrame = CFrame.new(64.163353, 9.81847668, 15.9393969, -0.00944456644, 9.08348774e-09, 0.999955416, -3.69445381e-08, 1, -9.43283407e-09, -0.999955416, -3.70319775e-08, -0.00944456644)
				wait()
			end
		end)
		AutoFarmSection:NewToggle("black bag(never fall)", "tp you to on top of the bag and never fall", function(v)
			getgenv().autoblackbag = v
			while true do
				if not getgenv().autoblackbag then return end
				game.Players.LocalPlayer.Character.HumanoidRootPart.CFrame = CFrame.new(56.3307877, 9.82232189, -27.4355011, 0.0140739493, -6.54082868e-08, 0.999900937, 4.88122112e-08, 1, 6.47277147e-08, -0.999900937, 4.78963997e-08, 0.0140739493)
				wait()
			end
		end)
		AutoFarmSection:NewToggle("black bag 2(never fall)", "tp you to on top of the bag and never fall", function(v)
			getgenv().autoblackbag = v
			while true do
				if not getgenv().autoblackbag then return end
				game.Players.LocalPlayer.Character.HumanoidRootPart.CFrame = CFrame.new(55.8360329, 9.82807827, -37.553669, -0.000540965702, -3.13135793e-08, 0.999999881, 2.20639507e-08, 1, 3.132552e-08, -0.999999881, 2.20808936e-08, -0.000540965702)
				wait()
			end
		end)
		AutoFarmSection:NewToggle("black bag 3(never fall)", "tp you to on top of the bag and never fall", function(v)
			getgenv().autoblackbag = v
			while true do
				if not getgenv().autoblackbag then return end
				game.Players.LocalPlayer.Character.HumanoidRootPart.CFrame = CFrame.new(56.1942482, 9.81063557, -46.8126717, 0.0779897422, -8.96995811e-09, 0.996954143, -1.22244028e-08, 1, 9.9536539e-09, -0.996954143, -1.29634516e-08, 0.0779897422)
				wait()
			end
		end)
		AutoFarmSection:NewToggle("black bag 4(never fall)", "tp you to on top of the bag and never fall", function(v)
			getgenv().autoblackbag = v
			while true do
				if not getgenv().autoblackbag then return end
				game.Players.LocalPlayer.Character.HumanoidRootPart.CFrame = CFrame.new(56.2983131, 9.81261826, -56.9600487, 0.106951006, 3.97697448e-08, 0.994264305, 1.51783759e-08, 1, -4.16318748e-08, -0.994264305, 1.95438883e-08, 0.106951006)
				wait()
			end
		end)
		AutoFarmSection:NewToggle("black bag 5(never fall)", "tp you to on top of the bag and never fall", function(v)
			getgenv().autoblackbag = v
			while true do
				if not getgenv().autoblackbag then return end
				game.Players.LocalPlayer.Character.HumanoidRootPart.CFrame = CFrame.new(55.8267288, 9.81579781, -66.8930817, -0.0963141322, -5.73566226e-08, 0.995351017, -9.64997593e-09, 1, 5.66907516e-08, -0.995351017, -4.14499279e-09, -0.0963141322)
				wait()
			end
		end)
		AutoFarmSection:NewToggle("black bag 6(never fall)", "tp you to on top of the bag and never fall", function(v)
			getgenv().autoblackbag = v
			while true do
				if not getgenv().autoblackbag then return end
				game.Players.LocalPlayer.Character.HumanoidRootPart.CFrame = CFrame.new(4.42928696, 9.81770229, -66.8989716, -0.0779876038, 4.14090984e-09, -0.996954322, 6.84237067e-09, 1, 3.61830965e-09, 0.996954322, -6.53934773e-09, -0.0779876038)
				wait()
			end
		end)
		AutoFarmSection:NewToggle("black bag 7(never fall)", "tp you to on top of the bag and never fall", function(v)
			getgenv().autoblackbag = v
			while true do
				if not getgenv().autoblackbag then return end
				game.Players.LocalPlayer.Character.HumanoidRootPart.CFrame = CFrame.new(4.41697979, 9.8250351, -57.532814, -0.0605762787, -1.33265745e-08, -0.998163581, 3.32759598e-08, 1, -1.53705351e-08, 0.998163581, -3.41459376e-08, -0.0605762787)
				wait()
			end
		end)
		AutoFarmSection:NewToggle("black bag 8(never fall)", "tp you to on top of the bag and never fall", function(v)
			getgenv().autoblackbag = v
			while true do
				if not getgenv().autoblackbag then return end
				game.Players.LocalPlayer.Character.HumanoidRootPart.CFrame = CFrame.new(5.15032911, 9.82865334, -47.7111359, 0.0263267402, -1.13432101e-07, -0.999653399, -1.73549903e-08, 1, -1.13928486e-07, 0.999653399, 2.03483399e-08, 0.0263267402)
				wait()
			end
		end)
		AutoFarmSection:NewToggle("black bag 9(never fall)", "tp you to on top of the bag and never fall", function(v)
			getgenv().autoblackbag = v
			while true do
				if not getgenv().autoblackbag then return end
				game.Players.LocalPlayer.Character.HumanoidRootPart.CFrame = CFrame.new(4.10268402, 9.81972027, -36.8863487, 0.0499049947, -2.24744875e-10, -0.998753965, -2.04100709e-10, 1, -2.35223618e-10, 0.998753965, 2.15585216e-10, 0.0499049947)
				wait()
			end
		end)
		AutoFarmSection:NewToggle("black bag 10(never fall)", "tp you to on top of the bag and never fall", function(v)
			getgenv().autoblackbag = v
			while true do
				if not getgenv().autoblackbag then return end
				game.Players.LocalPlayer.Character.HumanoidRootPart.CFrame = CFrame.new(5.00528669, 9.82517242, -27.4557819, -0.0198858157, 5.50249588e-08, -0.999802232, -7.8526341e-09, 1, 5.51920287e-08, 0.999802232, 8.94861962e-09, -0.0198858157)
				wait()
			end
		end)
		local AutoFarmSection = AutoFarm:NewSection("no gamepass")
		local AutoFarmSection = AutoFarm:NewSection("no gamepass")
		AutoFarmSection:NewToggle("auto strength", "spam strength for you", function(v)
			getgenv().autostrength = v
			while true do
				if not getgenv().autostrength then return end
				local Event = game:GetService("ReplicatedStorage").Remotes.DoubleReg
				Event:FireServer()
				wait()
			end
		end)
		AutoFarmSection:NewButton("autoblock", "block for you", function(v)
			while true do
				local A_1 = "Begin"
				local Event = game:GetService("ReplicatedStorage").Remotes.Block
				Event:FireServer(A_1)
				wait()
			end
		end)
		AutoFarmSection:NewToggle("Auto PushUp", "Make your player auto PushUp", function(v)
			getgenv().autopushup = v
			while true do 
				if not getgenv().autopushup then return end
				local Event = game:GetService("ReplicatedStorage").Remotes.PushUp
				Event:FireServer()
				wait()
			end
		end) 
		AutoFarmSection:NewToggle("Auto SitUp", "Make your player auto SitUp", function(v)
			getgenv().autositup = v
			while true do 
				if not getgenv().autositup then return end
				local Event = game:GetService("ReplicatedStorage").Remotes.SitUp
				Event:FireServer()
				wait()
			end
		end)    
		AutoFarmSection:NewLabel("for the auto farm strength you need to go to the")
		AutoFarmSection:NewLabel("script section and use straw hub or tea hub")
		local teleport = Window:NewTab("teleport")
		local teleportSection = teleport:NewSection("teleporting....")
		teleportSection:NewButton("safe zone", "teleports you to safe zone", function(v)
			game.Players.LocalPlayer.Character.HumanoidRootPart.CFrame = CFrame.new(86.1433258, 3.40000033, 62.739399, 0.991300523, -2.61786204e-10, -0.131618053, 2.08864565e-10, 1, -4.158901e-10, 0.131618053, 3.84781734e-10, 0.991300523)
		end)
		teleportSection:NewButton("cobra kai dojo", "teleports you to cobra kai dojo", function(v)
			game.Players.LocalPlayer.Character.HumanoidRootPart.CFrame = CFrame.new(24.3644619, 3.26012897, 77.408577, 0.999732137, 7.71989406e-09, 0.023143677, -6.06736661e-09, 1, -7.14731883e-08, -0.023143677, 7.13136217e-08, 0.999732137)
		end)
		teleportSection:NewButton("cobra kai dojo empty room", "teleports you to cobra kai dojo empty room", function(v)
			game.Players.LocalPlayer.Character.HumanoidRootPart.CFrame = CFrame.new(36.5608253, 3.28300476, -7.6343255, -0.0582688227, -5.41019363e-09, -0.99830091, -4.39468728e-08, 1, -2.85431057e-09, 0.99830091, 4.37058851e-08, -0.0582688227)
		end)
		teleportSection:NewButton("cobra kai dojo 2.0", "teleports you to cobra kai dojo 2.0", function(v)
			game.Players.LocalPlayer.Character.HumanoidRootPart.CFrame = CFrame.new(29.8183975, 3.25385451, -19.9773006, 0.999811888, -7.8858795e-09, 0.019395072, 7.9467295e-09, 1, -3.06032888e-09, -0.019395072, 3.2138805e-09, 0.999811888)
		end)
		teleportSection:NewButton("cobra kai dojo office", "teleports you to cobra kai dojo office", function(v)
			game.Players.LocalPlayer.Character.HumanoidRootPart.CFrame = CFrame.new(22.0610237, 3.2638545, 6.60392094, 0.973861098, -6.84946997e-08, -0.227144346, 5.61829623e-08, 1, -6.06676025e-08, 0.227144346, 4.63201744e-08, 0.973861098)
		end)
		teleportSection:NewButton("teleport door", "teleports you to teleport door", function(v)
			game.Players.LocalPlayer.Character.HumanoidRootPart.CFrame = CFrame.new(96.1069412, 3.20007181, 163.755341, -0.125860646, 4.30841887e-08, -0.992047906, 3.35626176e-08, 1, 3.91714714e-08, 0.992047906, -2.83655801e-08, -0.125860646)
		end)
		teleportSection:NewButton("all valley", "teleports you to all valley", function(v)
			game.Players.LocalPlayer.Character.HumanoidRootPart.CFrame = CFrame.new(53.3795815, 3.19998646, 255.342041, -0.71467942, 1.74269099e-09, -0.699452162, -2.88365415e-10, 1, 2.78615153e-09, 0.699452162, 2.19290297e-09, -0.71467942)
		end)
		teleportSection:NewButton("fighting ring place", "teleports you to fighting ring place", function(v)
			game.Players.LocalPlayer.Character.HumanoidRootPart.CFrame = CFrame.new(-29.7108974, 2.89999914, 78.1261139, 1, 8.04777933e-09, -0.000122898069, -8.03603672e-09, 1, 9.55454738e-08, 0.000122898069, -9.55444861e-08, 1)
		end)
		teleportSection:NewButton("pawn shop ", "teleports you to pawn shop", function(v)
			game.Players.LocalPlayer.Character.HumanoidRootPart.CFrame = CFrame.new(-59.8646584, 3.42875648, 167.270584, 0.743234158, 9.84399673e-10, 0.669031322, -4.39656134e-09, 1, 3.41280737e-09, -0.669031322, -5.47795276e-09, 0.743234158)
		end)
		teleportSection:NewButton("dojo 1", "teleports you to dojo 1", function(v)
			game.Players.LocalPlayer.Character.HumanoidRootPart.CFrame = CFrame.new(-157.304199, 3.42875648, 186.155014, 0.999726117, 7.86290357e-08, -0.0234015565, -7.71179955e-08, 1, 6.54725056e-08, 0.0234015565, -6.36498996e-08, 0.999726117)
		end)
		teleportSection:NewButton("dojo 2", "teleports you to dojo 2", function(v)
			game.Players.LocalPlayer.Character.HumanoidRootPart.CFrame = CFrame.new(-260.717865, 3.42875648, 184.51416, 0.999982297, 2.76471415e-08, -0.00594747486, -2.74639387e-08, 1, 3.08850012e-08, 0.00594747486, -3.0721111e-08, 0.999982297)
		end)
		teleportSection:NewButton("dojo 3", "teleports you to dojo 3", function(v)
			game.Players.LocalPlayer.Character.HumanoidRootPart.CFrame = CFrame.new(-363.738373, 3.42875648, 184.378967, 0.999395013, 2.35325661e-08, 0.0347791314, -2.03979411e-08, 1, -9.04842921e-08, -0.0347791314, 8.97201247e-08, 0.999395013)
		end)
		teleportSection:NewButton("dojo 1(near safe zone)", "teleports you to dojo 1.0", function(v)
			game.Players.LocalPlayer.Character.HumanoidRootPart.CFrame = CFrame.new(109.350807, 3.42875648, -130.204163, 0.0814797357, -3.73555231e-08, 0.996675014, -3.54289287e-09, 1, 3.77697802e-08, -0.996675014, -6.60858435e-09, 0.0814797357)
		end)
		teleportSection:NewButton("dojo 2.0", "teleports you to dojo 2.0", function(v)
			game.Players.LocalPlayer.Character.HumanoidRootPart.CFrame = CFrame.new(107.364326, 3.42875648, -234.507462, -0.0115134353, -9.94058382e-08, 0.99993372, -2.42892604e-08, 1, 9.91327624e-08, -0.99993372, -2.3146292e-08, -0.0115134353)
		end)
		teleportSection:NewButton("dojo 3.0", "teleports you to dojo 3.0", function(v)
			game.Players.LocalPlayer.Character.HumanoidRootPart.CFrame = CFrame.new(106.295906, 3.42875648, -337.450256, 0.00593982916, 2.82684027e-08, 0.999982357, 1.90861034e-08, 1, -2.83822725e-08, -0.999982357, 1.92543528e-08, 0.00593982916)
		end)
		teleportSection:NewButton("miyagi do", "teleports you to miyagi do", function(v)
			game.Players.LocalPlayer.Character.HumanoidRootPart.CFrame = CFrame.new(-73.3218384, 2.799999, -942.737915, 0.999580801, 9.77003634e-09, 0.0289529674, -9.39361655e-09, 1, -1.31371056e-08, -0.0289529674, 1.28596254e-08, 0.999580801)
		end)
		teleportSection:NewButton("miyagi do house", "teleports you to miyagi do house", function(v)
			game.Players.LocalPlayer.Character.HumanoidRootPart.CFrame = CFrame.new(-37.3229256, 5.40000296, -1008.70032, 0.0471299253, 2.52055781e-08, 0.998888791, -3.51062148e-08, 1, -2.35772255e-08, -0.998888791, -3.39560131e-08, 0.0471299253)
		end)
		teleportSection:NewButton("miyagi do house outside", "teleports you to miyagi do house outside", function(v)
			game.Players.LocalPlayer.Character.HumanoidRootPart.CFrame = CFrame.new(-60.9242172, 2.69999909, -1056.80408, 0.980823219, -3.18751354e-08, -0.194899395, 1.64313949e-08, 1, -8.08562888e-08, 0.194899395, 7.61032553e-08, 0.980823219)
		end)
		teleportSection:NewButton("miyagi do house outside 2.0", "teleports you to miyagi do house outside 2.0", function(v)
			game.Players.LocalPlayer.Character.HumanoidRootPart.CFrame = CFrame.new(-110.764809, 3.09986901, -1050.86243, 0.996182263, 1.17142278e-08, -0.0872980729, -2.05056261e-09, 1, 1.10787028e-07, 0.0872980729, -1.10185063e-07, 0.996182263)
		end)
		teleportSection:NewButton("miyagi do water balance", "teleports you to miyagi do water balance", function(v)
			game.Players.LocalPlayer.Character.HumanoidRootPart.CFrame = CFrame.new(-48.6564941, 2.3666594, -1111.73462, -0.997639596, 4.94328312e-08, -0.0686677024, 4.71744031e-08, 1, 3.45108688e-08, 0.0686677024, 3.11900479e-08, -0.997639596)
		end)
		teleportSection:NewButton("miyagi do house roof", "teleports you to miyagi do house roof", function(v)
			game.Players.LocalPlayer.Character.HumanoidRootPart.CFrame = CFrame.new(-54.5286713, 17.8071537, -1021.94434, 0.999846041, 5.76741144e-08, -0.0175452977, -5.75852503e-08, 1, 5.570016e-09, 0.0175452977, -4.55880844e-09, 0.999846041)
		end)
		teleportSection:NewButton("middle of whole map", "teleports you to the middle of the whole map", function(v)
			game.Players.LocalPlayer.Character.HumanoidRootPart.CFrame = CFrame.new(-80.3309402, 2.69999909, -615.249451, -0.986778021, -1.23796084e-08, -0.162077621, -2.52063295e-08, 1, 7.70830795e-08, 0.162077621, 8.01492703e-08, -0.986778021)
		end)
		teleportSection:NewButton("outside safe zone (somewhere secret)", "teleports you to outside of safe zone", function(v)
			game.Players.LocalPlayer.Character.HumanoidRootPart.CFrame = CFrame.new(84.6197662, 3.39999914, 19.3360329, -0.999849439, -2.86357538e-09, -0.0173506495, -2.93520475e-09, 1, 4.10287537e-09, 0.0173506495, 4.15318535e-09, -0.999849439)
		end)
		teleportSection:NewButton("cornet of map", "teleports you to the corner of the map", function(v)
			game.Players.LocalPlayer.Character.HumanoidRootPart.CFrame = CFrame.new(-560.475098, 2.69999909, 499.359772, 0.719349325, 2.96258076e-08, -0.694648504, -1.98683594e-08, 1, 2.20737757e-08, 0.694648504, -2.0772295e-09, 0.719349325)
		end)
		teleportSection:NewButton("cornet of map 2", "teleports you to the corner of the map 2", function(v)
			game.Players.LocalPlayer.Character.HumanoidRootPart.CFrame = CFrame.new(499.718628, 2.69999909, 499.396606, 0.690445364, 1.6193884e-09, 0.723384559, -1.02953834e-09, 1, -1.25596877e-09, -0.723384559, 1.22425708e-10, 0.690445364)
		end)
		teleportSection:NewButton("cornet of map 3", "teleports you to the corner of the map 3", function(v)
			game.Players.LocalPlayer.Character.HumanoidRootPart.CFrame = CFrame.new(499.913147, 2.69999909, -1350.59497, -0.787972927, -7.80825147e-08, 0.615709841, -4.82636224e-08, 1, 6.50502585e-08, -0.615709841, 2.15414566e-08, -0.787972927)
		end)
		teleportSection:NewButton("cornet of map 4", "teleports you to the corner of the map 4", function(v)
			game.Players.LocalPlayer.Character.HumanoidRootPart.CFrame = CFrame.new(-499.063934, 2.69999933, -1350.3186, -0.747083783, -2.59642938e-08, -0.664729893, 5.21236778e-08, 1, -9.76412338e-08, 0.664729893, -1.07594353e-07, -0.747083783)
		end)
		local Scripts = Window:NewTab("Scripts")
		local ScriptsSection = Scripts:NewSection("Other Scripts")
		ScriptsSection:NewButton("inf yield", "Gives you inf yield", function(v)
			loadstring(game:HttpGet(('https://raw.githubusercontent.com/EdgeIY/infiniteyield/master/source'),true))()    
		end)
		ScriptsSection:NewButton("Straw Hub", "Gives you Straw Hub", function(v)
			loadstring(game:HttpGet("https://raw.githubusercontent.com/vep1032/VepStuff/main/COBRA%20KAI%20KARATE%20%7C%20OPEN%20SOURCE%20GUI"))()
		end)
		ScriptsSection:NewButton("Tea Hub", "Gives you Tea Hub", function(v)
			loadstring(game:HttpGet("https://raw.githubusercontent.com/Aurelius0863/TeaHub/main/Loader.lua"))()
		end)
		ScriptsSection:NewButton("liok Hub", "Gives you liok Hub", function(v)
			local discordinv = "https://discord.gg/G5yapQh7xP" local d local f = pcall(function() d = game:HttpGet("https://raw.githubusercontent.com/LioK251/Scripts/main/"..game.PlaceId..".lua") end) if f == true then loadstring(d)() else game.Players.LocalPlayer:Kick("Join Discord Server for the updates! Invite link is copied. "..discordinv) setclipboard(discordinv) end
		end)
		ScriptsSection:NewButton("Penguin HUB (MINI)", "Gives you MINI PENGUIN HUB", function(v)
			if game.PlaceId == 6206893534 then
				local library = loadstring(game:HttpGet(('https://raw.githubusercontent.com/AikaV3rm/UiLib/master/Lib.lua')))()

				local w = library:CreateWindow("Penguin HUB(CK)") -- Creates the window

				local b = w:CreateFolder("Main") -- Creates the folder(U will put here your buttons,etc)

				b:Label("Player",{
					TextSize = 25; -- Self Explaining
					TextColor = Color3.fromRGB(255,255,255); -- Self Explaining
					BgColor = Color3.fromRGB(69,69,69); -- Self Explaining

				}) 

				b:Slider("Walkspeed(defult = 15-20)",{
					min = 0; -- min value of the slider
					max = 250; -- max value of the slider
					precise = true; -- max 2 decimals
				},function(v)
					game.Players.LocalPlayer.Character.Humanoid.WalkSpeed = v
				end)
				b:Slider("Jumppower(defult = 50)",{
					min = 0; -- min value of the slider
					max = 250; -- max value of the slider
					precise = true; -- max 2 decimals
				},function(v)
					game.Players.LocalPlayer.Character.Humanoid.JumpPower = v
				end)
				b:Button("Hide Dojo",function(v)
					game:GetService("Workspace")["haha_noobme"].Head.PlayerHeader.PlayerDojo:Destroy()
				end)
				b:Button("Hide Name",function(v)
					game:GetService("Workspace")["haha_noobme"].Head.PlayerHeader.PlayerName:Destroy()
				end)
				b:Button("Hide Health Bar",function(v)
					game:GetService("Workspace")["haha_noobme"].Head.PlayerHeader.Health:Destroy()
				end)
				b:Button("Hide Belt",function(v)
					game:GetService("Workspace")["haha_noobme"].Head.PlayerHeader.Belt:Destroy()
				end)
				b:Button("Hide All",function(v)
					game:GetService("Workspace")["haha_noobme"].Head.PlayerHeader:Destroy()
				end)
				local b = w:CreateFolder("AutoFarm") -- Creates the folder(U will put here your buttons,etc)
				b:Label("Gamepass",{
					TextSize = 25; -- Self Explaining
					TextColor = Color3.fromRGB(255,255,255); -- Self Explaining
					BgColor = Color3.fromRGB(69,69,69); -- Self Explaining

				}) 
				b:Toggle("autodumbell",function(v)
					getgenv().autodumbell = v
					while true do
						if not getgenv().autodumbell then return end
						local A_1 = "Rep"
						local A_2 = 2
						local Event = game:GetService("ReplicatedStorage").Remotes.Dumbell
						Event:FireServer(A_1, A_2)
						wait(0.1)
					end
				end)
				b:Toggle("auto Bench",function(v)
					shared.toggle = v
					getgenv().autobench = v
					while true do
						if not getgenv().autobench then return end
						local Event = game:GetService("ReplicatedStorage").Remotes.Bench
						Event:FireServer()
						wait()
					end
				end)
				b:Toggle("auto Katana",function(v)
					shared.toggle = v
					getgenv().autokatana = v
					while true do
						if not getgenv().autokatana then return end
						local A_1 = 2
						local Event = game:GetService("ReplicatedStorage").Katana
						Event:FireServer(A_1)
						wait()
					end
				end)
				b:Label("no gamepass",{
					TextSize = 25; -- Self Explaining
					TextColor = Color3.fromRGB(255,255,255); -- Self Explaining
					BgColor = Color3.fromRGB(69,69,69); -- Self Explaining

				}) 
				b:Toggle("auto strength",function(v)
					getgenv().autostrength = v
					while true do
						if not getgenv().autostrength then return end
						local Event = game:GetService("ReplicatedStorage").Remotes.DoubleReg
						Event:FireServer()
						wait()
					end
				end)
				b:Toggle("auto push up",function(v)
					getgenv().autopushup = v
					while true do 
						if not getgenv().autopushup then return end
						local Event = game:GetService("ReplicatedStorage").Remotes.PushUp
						Event:FireServer()
						wait()
					end
				end)
				b:Toggle("auto sit up",function(v)
					getgenv().autositup = v
					while true do 
						if not getgenv().autositup then return end
						local Event = game:GetService("ReplicatedStorage").Remotes.SitUp
						Event:FireServer()
						wait()
					end
				end)
				local b = w:CreateFolder("bags") -- Creates the folder(U will put here your buttons,etc)
				b:Toggle("red bag(never fall)",function(v)
					getgenv().autoblackbag = v
					while true do
						if not getgenv().autoblackbag then return end
						game.Players.LocalPlayer.Character.HumanoidRootPart.CFrame = CFrame.new(97.808876, 9.85557461, 75.6152191, 0.0428906791, -8.49579962e-09, 0.999079764, -4.77750959e-08, 1, 1.05546185e-08, -0.999079764, -4.81838285e-08, 0.0428906791)
						wait()
					end
				end)
				b:Toggle("red bag 2(never fall)",function(v)
					getgenv().autoblackbag = v
					while true do
						if not getgenv().autoblackbag then return end
						game.Players.LocalPlayer.Character.HumanoidRootPart.CFrame = CFrame.new(98.0530777, 9.85223961, 71.0164185, 0.013808053, 2.96444362e-08, 0.999904692, -1.18565593e-08, 1, -2.94835303e-08, -0.999904692, -1.14483187e-08, 0.013808053)
						wait()
					end
				end)
				b:Toggle("red bag 3(never fall)",function(v)
					getgenv().autoblackbag = v
					while true do
						if not getgenv().autoblackbag then return end
						game.Players.LocalPlayer.Character.HumanoidRootPart.CFrame = CFrame.new(97.8537292, 9.85480976, 66.1067047, -0.0675907806, -9.69354641e-09, 0.997713149, -2.8562182e-08, 1, 7.7808e-09, -0.997713149, -2.79709536e-08, -0.0675907806)
						wait()
					end
				end)
				b:Toggle("black bag 1.0",function(v)
					getgenv().autoblackbag = v
					while true do
						if not getgenv().autoblackbag then return end
						game.Players.LocalPlayer.Character.HumanoidRootPart.CFrame = CFrame.new(64.0134048, 9.83089066, 68.708313, -0.00362722878, 7.91136685e-08, 0.999993443, 2.4022734e-08, 1, -7.90270533e-08, -0.999993443, 2.3735927e-08, -0.00362722878)
						wait()
					end
				end)
				b:Toggle("blackbag 2.0",function(v)
					getgenv().autoblackbag = v
					while true do
						if not getgenv().autoblackbag then return end
						game.Players.LocalPlayer.Character.HumanoidRootPart.CFrame = CFrame.new(64.163353, 9.81847668, 15.9393969, -0.00944456644, 9.08348774e-09, 0.999955416, -3.69445381e-08, 1, -9.43283407e-09, -0.999955416, -3.70319775e-08, -0.00944456644)
						wait()
					end
				end)
				local b = w:CreateFolder("bags2") -- Creates the folder(U will put here your buttons,etc)
				b:Toggle("black bag(never fall)",function(v)
					getgenv().autoblackbag = v
					while true do
						if not getgenv().autoblackbag then return end
						game.Players.LocalPlayer.Character.HumanoidRootPart.CFrame = CFrame.new(56.3307877, 9.82232189, -27.4355011, 0.0140739493, -6.54082868e-08, 0.999900937, 4.88122112e-08, 1, 6.47277147e-08, -0.999900937, 4.78963997e-08, 0.0140739493)
						wait()
					end
				end)
				b:Toggle("black bag2(never fall)",function(v)
					getgenv().autoblackbag = v
					while true do
						if not getgenv().autoblackbag then return end
						game.Players.LocalPlayer.Character.HumanoidRootPart.CFrame = CFrame.new(55.8360329, 9.82807827, -37.553669, -0.000540965702, -3.13135793e-08, 0.999999881, 2.20639507e-08, 1, 3.132552e-08, -0.999999881, 2.20808936e-08, -0.000540965702)
						wait()
					end
				end)
				b:Toggle("black bag3(never fall)",function(v)
					getgenv().autoblackbag = v
					while true do
						if not getgenv().autoblackbag then return end
						game.Players.LocalPlayer.Character.HumanoidRootPart.CFrame = CFrame.new(56.1942482, 9.81063557, -46.8126717, 0.0779897422, -8.96995811e-09, 0.996954143, -1.22244028e-08, 1, 9.9536539e-09, -0.996954143, -1.29634516e-08, 0.0779897422)
						wait()
					end
				end)
				b:Toggle("black bag4(never fall)",function(v)
					getgenv().autoblackbag = v
					while true do
						if not getgenv().autoblackbag then return end
						game.Players.LocalPlayer.Character.HumanoidRootPart.CFrame = CFrame.new(56.2983131, 9.81261826, -56.9600487, 0.106951006, 3.97697448e-08, 0.994264305, 1.51783759e-08, 1, -4.16318748e-08, -0.994264305, 1.95438883e-08, 0.106951006)
						wait()
					end
				end)
				b:Toggle("black bag5(never fall)",function(v)
					getgenv().autoblackbag = v
					while true do
						if not getgenv().autoblackbag then return end
						game.Players.LocalPlayer.Character.HumanoidRootPart.CFrame = CFrame.new(55.8267288, 9.81579781, -66.8930817, -0.0963141322, -5.73566226e-08, 0.995351017, -9.64997593e-09, 1, 5.66907516e-08, -0.995351017, -4.14499279e-09, -0.0963141322)
						wait()
					end
				end)
				b:Toggle("black bag6(never fall)",function(v)
					getgenv().autoblackbag = v
					while true do
						if not getgenv().autoblackbag then return end
						game.Players.LocalPlayer.Character.HumanoidRootPart.CFrame = CFrame.new(4.42928696, 9.81770229, -66.8989716, -0.0779876038, 4.14090984e-09, -0.996954322, 6.84237067e-09, 1, 3.61830965e-09, 0.996954322, -6.53934773e-09, -0.0779876038)
						wait()
					end
				end)
				b:Toggle("black bag7(never fall)",function(v)
					getgenv().autoblackbag = v
					while true do
						if not getgenv().autoblackbag then return end
						game.Players.LocalPlayer.Character.HumanoidRootPart.CFrame = CFrame.new(4.41697979, 9.8250351, -57.532814, -0.0605762787, -1.33265745e-08, -0.998163581, 3.32759598e-08, 1, -1.53705351e-08, 0.998163581, -3.41459376e-08, -0.0605762787)
						wait()
					end
				end)
				b:Toggle("black bag8(never fall)",function(v)
					getgenv().autoblackbag = v
					while true do
						if not getgenv().autoblackbag then return end
						game.Players.LocalPlayer.Character.HumanoidRootPart.CFrame = CFrame.new(5.15032911, 9.82865334, -47.7111359, 0.0263267402, -1.13432101e-07, -0.999653399, -1.73549903e-08, 1, -1.13928486e-07, 0.999653399, 2.03483399e-08, 0.0263267402)
						wait()
					end
				end)
				b:Toggle("black bag9(never fall)",function(v)
					getgenv().autoblackbag = v
					while true do
						if not getgenv().autoblackbag then return end
						game.Players.LocalPlayer.Character.HumanoidRootPart.CFrame = CFrame.new(4.10268402, 9.81972027, -36.8863487, 0.0499049947, -2.24744875e-10, -0.998753965, -2.04100709e-10, 1, -2.35223618e-10, 0.998753965, 2.15585216e-10, 0.0499049947)
						wait()
					end
				end)
				b:Toggle("black bag10(never fall)",function(v)
					getgenv().autoblackbag = v
					while true do
						if not getgenv().autoblackbag then return end
						game.Players.LocalPlayer.Character.HumanoidRootPart.CFrame = CFrame.new(5.00528669, 9.82517242, -27.4557819, -0.0198858157, 5.50249588e-08, -0.999802232, -7.8526341e-09, 1, 5.51920287e-08, 0.999802232, 8.94861962e-09, -0.0198858157)
						wait()
					end
				end)
				local b = w:CreateFolder("scripts") -- Creates the folder(U will put here your buttons,etc)
				b:Button("inf yield",function(v)
					loadstring(game:HttpGet(('https://raw.githubusercontent.com/EdgeIY/infiniteyield/master/source'),true))()
				end)
				b:Button("straw hub",function(v)
					loadstring(game:HttpGet("https://raw.githubusercontent.com/vep1032/VepStuff/main/COBRA%20KAI%20KARATE%20%7C%20OPEN%20SOURCE%20GUI"))()
				end)
				b:Button("tea hub",function(v)
					loadstring(game:HttpGet("https://raw.githubusercontent.com/Aurelius0863/TeaHub/main/Loader.lua"))()
				end)
				b:Button("Penguin HUB (MAIN)",function(v)
					if game.PlaceId == 6206893534 then    
						local Library = loadstring(game:HttpGet("https://raw.githubusercontent.com/xHeptc/Kavo-UI-Library/main/source.lua"))()
						local Window = Library.CreateLib("Penguin Hub(Cobra Kai)", "Sentinel")
						local Main = Window:NewTab("Main")
						local MainSection = Main:NewSection("Player")
						MainSection:NewSlider("Walkspeed", "Change your walkspeed", 250, 16, function(v) -- 500 (MaxValue) | 0 (MinValue)
							game.Players.LocalPlayer.Character.Humanoid.WalkSpeed = v
						end)
						MainSection:NewSlider("Jumppower", "Change your jumppower", 250, 50, function(v) -- 500 (MaxValue) | 0 (MinValue)
							game.Players.LocalPlayer.Character.Humanoid.JumpPower = v
						end)   
						MainSection:NewButton("Hide Dojo", "Hide player Dojo", function(v)
							game:GetService("Workspace")["haha_noobme"].Head.PlayerHeader.PlayerDojo:Destroy()
						end)
						MainSection:NewButton("Hide Name", "Hide player name", function(v)
							game:GetService("Workspace")["haha_noobme"].Head.PlayerHeader.PlayerName:Destroy()
						end)
						MainSection:NewButton("Hide health bar", "Hide player Health Bar", function(v)
							game:GetService("Workspace")["haha_noobme"].Head.PlayerHeader.Health:Destroy()
						end)
						MainSection:NewButton("Hide Belt", "Hide player Belt", function(v)
							game:GetService("Workspace")["haha_noobme"].Head.PlayerHeader.Belt:Destroy()
						end)
						MainSection:NewButton("Hide All", "Hide player Info", function(v)
							game:GetService("Workspace")["haha_noobme"].Head.PlayerHeader:Destroy()
						end)
						local AutoFarm = Window:NewTab("AutoFarm")
						local AutoFarmSection = AutoFarm:NewSection("gamepass")
						AutoFarmSection:NewToggle("Auto Dumbell", "Make your player autodumbell", function(v)
							getgenv().autodumbell = v
							while true do
								if not getgenv().autodumbell then return end
								local A_1 = "Rep"
								local A_2 = 2
								local Event = game:GetService("ReplicatedStorage").Remotes.Dumbell
								Event:FireServer(A_1, A_2)
								wait(1)
							end
						end)    
						AutoFarmSection:NewToggle("Auto Bench", "Make your player autobench", function(v)
							getgenv().autobench = v
							while true do
								if not getgenv().autobench then return end
								local Event = game:GetService("ReplicatedStorage").Remotes.Bench
								Event:FireServer()
								wait()      
							end
						end) 
						AutoFarmSection:NewToggle("Auto Katana", "make your player autokatana", function(v)
							getgenv().autokatana = v
							while true do
								if not getgenv().autokatana then return end
								local A_1 = 2
								local Event = game:GetService("ReplicatedStorage").Katana
								Event:FireServer(A_1)
								wait()
							end
						end)
